福建省人民政府关于下达水资源管理“三条红线”各地控制目标的通知
发布日期:2013-07-10 
各市、县（区）人民政府，平潭综合实验区管委会，省人民政府各部门、各直属机构，各大企业，各高等院校：
为落实《国务院关于实行最严格水资源管理制度的意见》（国发〔2012〕3号）和《国务院办公厅关于印发实行最严格水资源管理制度考核办法的通知》（国办发〔2013〕2号）要求，科学开发利用和节约保护我省水资源，现将《福建省水资源管理“三条红线”各地控制目标》印发给你们。各地各部门制定和实施国民经济和社会发展规划以及城市总体规划、布局重大建设项目时，要与当地水资源承载能力、水环境承载能力相适应；在预审、立项、规划、设计、审批和监督检查涉水项目时，要严格按照控制目标执行。
　　福建省人民政府
　　2013年7月10日
福建省水资源管理“三条红线”各地控制目标
序号 单位 用水总量(单位：亿m3) 用水效率 水功能区水质达标率（%）  
2015年  2020年  2030年  2015年  2015年  2020年  2030年 
万元工业增加值比2010年下降（%） 农田灌溉有效利用系数  
1 福州  34.70  36.70  38.90  41.01  0.54  83  88  96  
2 厦门  8.15  9.34  11.34  21.23  0.55  80  87  96  
3 漳州  23.87  25.00  26.50  37.57  0.53  81  86  96  
4 泉州  34.33  36.37  38.00  34.84  0.55  83  87  96  
5 三明  26.60  27.12  28.18  27.50  0.51  83  88  96  
6 莆田  13.30  13.35  13.42  29.15  0.53  83  88  96  
7 南平  28.25  28.70  29.90  30.00  0.53  83  88  96  
8 龙岩  24.34  25.32  26.25  38.39  0.53  83  87  96  
9 宁德  16.20  17.00  17.50  38.27  0.52  83  88  96  
10 平潭  1.30  1.55  2.01  50.82  0.55  80  88  97  


