重庆市人民政府办公厅关于印发 2018年全市国土绿化提升春季行动工作方案的通知
发布日期 :2018-02-12 
重庆市人民政府办公厅关于印发 2018年全市国土绿化提升春季行动工作方案的通知渝府办发〔 2018〕10号
各区县（自治县）人民政府，市政府有关部门，有关单位：《2018年全市国土绿化提升春季行动工作方案》已经市政府同意，现印发给你们，请认真组织实施。
重庆市人民政府办公厅 2018年2月5日（此件公开发布） 
2018年全市国土绿化提升春季行动工作方案
为认真贯彻落实党的十九大精神和中央经济工作会议、中央农村工作会议精神，按照市委五届三次全会、全市经济工作会议决策部署，切实把开展大规模国土绿化行动作为实施乡村振兴战略行动计划、生态优先绿色发展行动计划的重要内容，推进重庆建设山清水秀美丽之地，特制定本方案。
一、总体要求
全面贯彻党的十九大精神，以习近平新时代中国特色社会主义思想为指导，深入落实习近平总书记视察重庆重要讲话精神，树立和践行 “绿水青山就是金山银山 ”理念，坚持优存量、扩增量、提质量并重，大力实施重点生态修复工程，大力提升森林质量，大力发展林业生态产业，走生产发展、生活富裕、生态良好的文明发展道路，筑牢长江上游重要生态屏障。
二、主要任务
全年完成营造林 570万亩，其中新造（改造）林 430万亩，营林 140万亩，确保春季完成年度营造林任务的50%以上。
（一）大力实施重点生态工程造林，全力建设长江上游重要生态屏障。在 25度以上坡耕地和 15―25度非基本农田坡耕地实施新一轮退耕还林 150万亩。在无立木林地、宜林地实施长江防护林三期、岩溶地区石漠化综合治理植被恢复工程等造林 50万亩。在天然林保护区开展荒山造林、疏林地及未成林地实施人工促进封山育林70万亩。（牵头单位：市林业局、市发展改革委；配合单位：市国土房管局、市移民局、市财政局）
（二）着力提升森林质量，推动林业高质量发展。采取针叶林改阔叶林、单层林改复层林、纯林改混交林、低效林改中高效林以及景观林彩化美化和补植补造珍贵树种等措施，实施森林抚育改培 47万亩，木材战略储备改培国有林 10万亩，主城区针叶纯林改造 3万亩。培育岩溶地区灌木林地，申请认定国家特别规定灌木林80万亩。（牵头单位：市林业局；配合单位：市发展改革委、市移民局、市财政局）
（三）加快建设绿色产业基地，助推脱贫攻坚。围绕木本油料、水果、茶叶、笋竹、林下经济、森林旅游、森林康养、林产品加工贸易等主导产业，结合农村种植业结构调整和农田林网建设，改造发展特色经济林150万亩。集中连片营建木本油料、水果、茶叶、笋竹、中药材、珍稀用材及大径材储备林基地，助推农民脱贫增收。（牵头单位：市林业局、市农委；配合单位：市发展改革委、市移民局、市农综办、市扶贫办、市财政局）
（四）加大城市绿化，提升城市品质。利用城市规划绿地、闲置地、常年水位以上的防护生态用地、拆迁零星空地等开展城市绿地建设，新（改）建城市绿地 1000万平方米。种植香化、彩化树种，修复美化城市生态环境，提升城市绿化品质和生态效果。（牵头单位：市城管委；配合单位：市城乡建委、市规划局、市国土房管局、市林业局、市财政局）
（五）推进国土绿化共建共享，让群众有更多的获得感和幸福感。大力开展各级领导带头、各部门各机关团体响应、全社会参与的义务植树活动，提高公民义务植树尽责率，掀起大规模国土绿化高潮。公布一批义务植树基地。以森林城市、绿色新村等创建活动为载体，在城市森林公园、社区公园、小区绿地，城市规划绿地、闲置地、拆迁零星空地等见缝插绿。在干线公路以及农村道路和水系两旁种植行道树、护岸林和水源涵养林，推进村庄绿化，在房前屋后和村镇旁种植 “风景树 ”“传家树 ”“摇钱树 ”10万亩。开展古树名木保护、复壮和认建认养活动。（牵头单位：市林业局、市城管委、市交委、市水利局；配合单位：市农委、市移民局、市城乡建委、市规划局、市国土房管局、市财政局）
三、保障措施
（一）加强领导，全面动员。坚持领导带头参加春季全民义务植树活动，广泛动员各方力量积极参与，形成强大的声势和浓厚的氛围，推动国土绿化行动扎实开展。及时制定印发国土绿化提升行动工作意见和实施方案。
（二）深化改革，创新推进。积极推进农村 “三变 ”改革，深化集体林权制度改革和国有林场改革。采取 “公司+专业合作社（大户、家庭林场） +基地 +农户 ”形式，引导国企、民企、外企、集体、个人、社会组织等各类主体参与国土绿化。推广使用适宜不同区域的新技术、新品种、新工艺，提高主要造林树种良种使用率，推动国土绿化由数量规模型向质量效益型转变。
（三）多方投资，增加投入。按照 “国家投入、市级奖补、区县统筹、社会参与 ”的原则，多渠道筹集国土绿化提升行动资金。市政府有关部门要加大向国家有关部委争取支持力度，力争筹集更多资金投入国土绿化提升行动。市级相关资金结合区县（自治县，以下简称区县）年度任务完成情况，以奖代补，按一定比例切块下达。各区县要加大筹资力度，拓宽筹资渠道，通过统筹安排各类造营林工程项目，整合三峡后续工作专项资金、现代农业生产发展资金、农业综合开发资金、农田水利建设资金等，确保建设资金落实到位。要创新投入体制机制，建立谁投资、谁享用、谁受益的造营林激励机制，引导国企、民企、外企、集体、个人、社会组织等各方面投资、投劳开展造林绿化。
（四）落实责任，强化保障。落实区县政府国土绿化提升行动主体责任，严格实行任期目标和年度目标考核。制定全市及各区县国土绿化提升行动规划，切实把各项任务落实到山头地块。强化造林用地保障，加强种苗供给，推行订单育苗、定向培育，加强保障性苗圃建设，严格工程质量管理。
（五）加大宣传，营建氛围。要加强与中央驻渝新闻单位和市内主流媒体衔接，充分利用传统和新型媒介，深入宣传国土绿化提升行动的重大意义、政策措施、先进典型等，在全社会积极营造关心、支持、参与国土绿化提升行动的良好氛围。
附件： 2018年国土绿化提升行动目标任务分解表
附件 
2018年国土绿化提升行动目标任务分解表
单位：万亩 
{C} 
区域 区县（开发区） 合计 造林任务 营林任务 
小计 退耕还林 疏林地及未成林地培育 宜林荒山及无立木林地造林 农村“四旁”植树 农田林网和特色经济林改造 小计 森林抚育 特定灌木林培育 
重庆市  570  430  150  70  50  10  150  140  60  80 
主城片区 小计  19.2  11.1  1.7  1.7  1.4  6.3  8.1  8.1 
渝中区 完成 11个公园、游园的新建或改建任务 
大渡口区  0.6  0.5  0.1  0.4  0.1  0.1 
江北区  1.2  0.6  0.1  0.1  0.4  0.6  0.6 
沙坪坝区  1.3  0.7  0.2  0.1  0.4  0.6  0.6 
九龙坡区  0.8  0.7  0.1  0.2  0.4  0.1  0.1 
南岸区  1.7  1.1  0.4  0.2  0.1  0.4  0.6  0.6 
北碚区  3.1  1.5  0.3  0.2  1  1.6  1.6 
渝北区  4.3  2.6  0.7  0.3  0.3  1.3  1.7  1.7 
巴南区  6.2  3.4  0.6  0.5  0.3  2  2.8  2.8 
小计  111.5  89.7  37.0  10.6  8.8  4.3  29.0  21.8  20.6  1.2 
涪陵区  12.5  9.3  4.0  0.8  1.4  0.3  2.8  3.2  3.2 
长寿区  5.4  3.7  1.0  0.2  0.1  0.2  2.2  1.7  1.7 
江津区  15.5  12.8  7.0  1.7  1.3  0.6  2.2  2.7  2.7 
合川区  10.4  8.9  5.0  0.8  0.4  0.4  2.3  1.5  1.1  0.4 
永川区  4.2  3.2  0.2  0.4  0.4  2.2  1.0  1.0  

区域渝西片区 区县（开发区） 合计 造林任务 营林任务 
小计 退耕还林 疏林地及未成林地培育 宜林荒山及无立木林地造林 农村“四旁”植树 农田林网和特色经济林改造 小计 森林抚育 特定灌木林培育 
南川区  15.3  13.2  7.0  2.0  1.4  0.3  2.5  2.1  2.1 
大足区  7.5  6.0  2.0  0.8  0.2  0.5  2.5  1.5  1.5 
綦江区  7.8  6.7  3.0  1.0  0.2  0.3  2.2  1.1  1.1 
璧山区  3.9  3.0  0.2  0.4  0.3  2.1  0.9  0.9 
铜梁区  4.6  3.8  1.0  0.1  0.5  0.2  2.0  0.8  0.8 
潼南区  11.5  10.0  5.0  2.0  0.7  0.3  2.0  1.5  1.5 
荣昌区  5.7  4.0  0.4  1.3  0.3  2.0  1.7  1.7 
万盛经开区  7.2  5.1  2.0  0.4  0.5  0.2  2.0  2.1  1.3  0.8 
小计  272.1  203.6  67.0  37.9  22.5  2.9  73.3  68.5  20.4  48.1 
万州区  22.6  20.5  5.0  5.9  2.2  0.4  7.0  2.1  1.8  0.3 
开州区  40.1  30.3  10.0  9.2  3.0  0.3  7.8  9.8  1.8  8.0 
梁平区  13.1  12.0  4.7  0.7  1.0  0.2  5.4  1.1  1.0  0.1 
城口县  37.0  20.6  3.3  1.8  4.1  0.1  11.3  16.4  2.4  14.0 
丰都县  20.2  15.7  4.0  3.1  2.1  0.4  6.1  4.5  1.8  2.7 
垫江县  12.7  11.3  5.0  0.7  0.7  0.2  4.7  1.4  1.0  0.4 
忠县  13.6  12.2  6.0  0.1  0.2  0.3  5.6  1.4  1.4 
渝 
东北片 
区 
造林任务 营林任务 

区域 区县（开发区） 合计 小计 退耕还林 疏林地及未成林地培育 宜林荒山及无立木林地造林 农村“四旁”植树 农田林网和特色经济林改造 小计 森林抚育 特定灌木林培育 
云阳县  19.5  16.2  3.0  2.6  2.6  0.2  7.8  3.3  2.4  0.9 
奉节县  27.7  18.1  8.0  3.1  1.4  0.3  5.3  9.6  2.4  7.2 
巫山县  29.2  20.5  8.0  4.0  2.2  0.3  6.0  8.7  1.5  7.2 
巫溪县  36.4  26.2  10.0  6.7  3.0  0.2  6.3  10.2  2.9  7.3 
小计  167.2  125.6  46.0  19.8  17.0  1.4  41.4  41.6  10.9  30.7 
黔江区  19.4  17.4  7.0  1.7  2.9  0.2  5.6  2.0  1.5  0.5 
渝东南片区 武隆区  30.1  27.9  8.0  4.8  5.3  0.2  9.6  2.2  1.7  0.5 
石柱县  20.7  11.4  3.0  1.0  0.4  0.3  6.7  9.3  2.1  7.2 
秀山县  22.5  18.4  8.0  3.1  2.4  0.2  4.7  4.1  1.1  3.0 
酉阳县  37.8  22.5  10.0  5.2  1.5  0.3  5.5  15.3  2.5  12.8 
彭水县  36.7  28.0  10.0  4.0  4.5  0.2  9.3  8.7  2.0  6.7 

文件下载

重庆市人民政府办公厅关于印发 <BR>2018年全市国土绿化提升春季行动工作方案的通知

